[VisibleColor]
R = 0.000000
G = 0.617647
B = 1.000000
A = 1.000000


[Settings]
ESP = true
DrawBoxes = true
DrawDistanceText = true
DrawLines = true
DrawForTeammates = false
DrawHealthBar = true
DrawArmorBar = true
AimbotEnabled = true
BoxType = 1
LinePosition = 2
AimbotFOV = 123.400002
AimbotSmooth = 0.400000
AimbotYOffset = -15.000000
DisplayMode = 2
DrawEspFill = true
BoxFillAlpha = 44.000000
AimbotNoKeyBind = true
GradientHealthBar = false
GradientArmorBar = false
DrawOutline = true


[Triggerbot]
Enabled = false
Delay = 0.100000


[FOVColor]
R = 1.000000
G = 1.000000
B = 1.000000
A = 1.000000


[ESPColor]
R = 1.000000
G = 1.000000
B = 1.000000
A = 1.000000


[TeammateColor]
R = 0.000000
G = 1.000000
B = 0.000000
A = 1.000000


[HealthColor]
High_R = 1.000000
High_G = 1.000000
High_B = 1.000000
High_A = 1.000000
Low_R = 0.735294
Low_G = 0.000000
Low_B = 1.000000
Low_A = 1.000000


[ArmorColor]
High_R = 0.000000
High_G = 0.000000
High_B = 1.000000
High_A = 1.000000
Low_R = 0.000000
Low_G = 1.000000
Low_B = 1.000000
Low_A = 1.000000
