[VisibleColor]
R = 0.000000
G = 1.000000
B = 0.000000
A = 1.000000


[Keybinds]
UseKeyBind = true


[Settings]
ESP = true
DrawBoxes = false
DrawDistanceText = false
DrawLines = false
DrawForTeammates = false
DrawHealthBar = false
DrawArmorBar = false
AimbotEnabled = false
BoxType = 0
LinePosition = 0
AimbotFOV = 200.000000
AimbotSmooth = 0.300000
AimbotYOffset = 0.000000
DisplayMode = 0
DrawEspFill = false
BoxFillAlpha = 100.000000
AimbotNoKeyBind = true
GradientHealthBar = false
GradientArmorBar = false
DrawOutline = false


[Triggerbot]
Enabled = false
Delay = 0.100000


[FOVColor]
R = 1.000000
G = 0.000000
B = 0.000000
A = 1.000000


[ESPColor]
R = 1.000000
G = 0.000000
B = 0.000000
A = 1.000000


[TeammateColor]
R = 0.000000
G = 1.000000
B = 0.000000
A = 1.000000


[HealthColor]
High_R = 0.000000
High_G = 1.000000
High_B = 0.000000
High_A = 1.000000
Low_R = 1.000000
Low_G = 0.000000
Low_B = 0.000000
Low_A = 1.000000


[ArmorColor]
High_R = 0.000000
High_G = 0.000000
High_B = 1.000000
High_A = 1.000000
Low_R = 0.000000
Low_G = 1.000000
Low_B = 1.000000
Low_A = 1.000000
