[Settings]
ESP = true
DrawBoxes = true
DrawDistanceText = true
DrawLines = true
DrawForTeammates = false
DrawHealthBar = true
DrawArmorBar = true
AimbotEnabled = true
BoxType = 1
LinePosition = 2
AimbotFOV = 132.600006
AimbotSmooth = 0.300000
AimbotYOffset = -15.200000
DisplayMode = 2
AimbotTargetingMode = 1


[FOVColor]
R = 1.000000
G = 1.000000
B = 1.000000
A = 1.000000


[ESPColor]
R = 1.000000
G = 1.000000
B = 1.000000
A = 1.000000


[TeammateColor]
R = 1.000000
G = 1.000000
B = 1.000000
A = 1.000000
